610.3236062
610.5969614
610.8702146
611.143366
611.4164158
611.689364
611.9622108
612.2349564
612.5076009
612.7801445
613.0525873
613.3249294
613.597171
613.8693123
614.1413533
614.4132943
614.6851353
614.9568765
615.2285181
615.5000602
615.7715029
616.0428464
616.3140908
616.5852363
616.8562829
617.1272309
617.3980804
617.6688315
617.9394843
618.210039
618.4804958
618.7508547
619.021116
619.2912796
619.5613459
619.8313149
620.1011867
620.3709615
620.6406395
620.9102207
621.1797053
621.4490934
621.7183852
621.9875808
622.2566803
622.5256839
622.7945916
623.0634037
623.3321203
623.6007415
623.8692673
624.1376981
624.4060338
624.6742747
624.9424207
625.2104722
625.4784292
625.7462918
626.0140602
626.2817345
626.5493148
626.8168013
627.084194
627.3514932
627.6186989
627.8858113
628.1528304
628.4197565
628.6865896
628.9533299
629.2199775
629.4865325
629.752995
630.0193652
630.2856432
630.5518292
630.8179231
631.0839253
631.3498357
631.6156546
631.881382
632.147018
632.4125629
632.6780166
632.9433793
633.2086513
633.4738324
633.738923
634.0039231
634.2688328
634.5336522
634.7983816
635.0630209
635.3275703
635.59203
635.8564
636.1206804
636.3848715
636.6489732
636.9129858
637.1769093
637.4407439
637.7044896
637.9681466
638.231715
638.495195
638.7585865
639.0218899
639.2851051
639.5482322
639.8112715
640.074223
640.3370868
640.5998631
640.8625519
641.1251533
641.3876676
641.6500947
641.9124349
642.1746881
642.4368546
642.6989345
642.9609278
643.2228346
643.4846552
643.7463895
644.0080377
644.2696
644.5310763
644.7924669
645.0537718
645.3149912
645.5761252
645.8371738
646.0981372
646.3590154
646.6198087
646.8805171
647.1411407
647.4016796
647.6621339
647.9225038
648.1827893
648.4429905
648.7031077
648.9631407
649.2230899
649.4829552
649.7427368
650.0024348
650.2620492
650.5215803
650.781028
651.0403926
651.2996741
651.5588726
651.8179882
652.077021
652.3359712
652.5948387
652.8536239
653.1123266
653.3709471
653.6294854
653.8879417
654.146316
654.4046084
654.6628191
654.9209481
655.1789956
655.4369617
655.6948463
655.9526498
656.2103721
656.4680133
656.7255736
656.9830531
657.2404517
657.4977698
657.7550073
658.0121643
658.269241
658.5262374
658.7831537
659.0399899
659.2967462
659.5534226
659.8100192
660.0665362
660.3229735
660.5793315
660.83561
661.0918092
661.3479293
661.6039703
661.8599323
662.1158154
662.3716196
662.6273452
662.8829922
663.1385606
663.3940507
663.6494623
663.9047958
664.1600511
664.4152284
664.6703278
664.9253492
665.1802929
665.435159
665.6899474
665.9446584
666.199292
666.4538483
666.7083273
666.9627293
667.2170542
667.4713022
667.7254734
667.9795678
668.2335856
668.4875268
668.7413915
668.9951798
669.2488918
669.5025277
669.7560874
670.0095711
670.2629788
670.5163107
670.7695669
671.0227474
671.2758523
671.5288817
671.7818357
672.0347144
672.2875179
672.5402463
672.7928996
673.0454779
673.2979814
673.5504101
673.8027641
674.0550435
674.3072484
674.5593788
674.8114349
675.0634167
675.3153244
675.5671579
675.8189175
676.0706031
676.3222149
676.573753
676.8252174
677.0766082
677.3279256
677.5791695
677.8303401
678.0814375
678.3324617
678.5834128
678.834291
679.0850963
679.3358287
679.5864885
679.8370755
680.08759
680.3380321
680.5884017
680.838699
681.0889241
681.339077
681.5891579
681.8391667
682.0891037
682.3389688
682.5887622
682.838484
683.0881341
683.3377128
683.5872201
683.836656
684.0860206
684.3353141
684.5845365
684.8336879
685.0827684
685.331778
685.5807168
685.8295849
686.0783825
686.3271095
686.575766
686.8243522
687.072868
687.3213137
687.5696892
687.8179947
688.0662302
688.3143957
688.5624915
688.8105175
689.0584738
689.3063606
689.5541778
689.8019256
690.0496041
690.2972132
690.5447532
690.792224
691.0396258
691.2869586
691.5342226
691.7814177
692.028544
692.2756017
692.5225908
692.7695114
693.0163635
693.2631473
693.5098628
693.7565101
694.0030892
694.2496003
694.4960434
694.7424186
694.9887259
695.2349655
695.4811374
695.7272416
695.9732784
696.2192476
696.4651495
696.7109841
696.9567514
697.2024515
697.4480845
697.6936505
697.9391496
698.1845818
698.4299471
698.6752458
698.9204777
699.1656431
699.410742
699.6557744
699.9007405
700.1456402
700.3904737
700.6352411
700.8799424
701.1245776
701.369147
701.6136504
701.8580881
702.10246
702.3467663
702.5910069
702.8351821
703.0792918
703.3233362
703.5673152
703.811229
704.0550776
704.2988612
704.5425797
704.7862333
705.0298219
705.2733458
705.5168049
705.7601993
706.0035292
706.2467945
706.4899953
706.7331317
706.9762038
707.2192116
707.4621552
707.7050347
707.9478501
708.1906015
708.433289
708.6759127
708.9184726
709.1609687
709.4034012
709.6457701
709.8880755
710.1303174
710.372496
710.6146112
710.8566632
711.098652
711.3405777
711.5824403
711.82424
712.0659767
712.3076506
712.5492617
712.7908101
713.0322958
713.2737189
713.5150795
713.7563777
713.9976134
714.2387869
714.479898
714.720947
714.9619339
715.2028587
715.4437214
715.6845223
715.9252613
716.1659384
716.4065539
716.6471076
716.8875998
717.1280303
717.3683994
717.6087071
717.8489535
718.0891385
718.3292623
718.5693249
718.8093264
719.0492669
719.2891464
719.528965
719.7687228
720.0084197
720.248056
720.4876315
720.7271465
720.9666009
721.2059949
721.4453284
721.6846016
721.9238145
722.1629672
722.4020597
722.6410922
722.8800645
723.1189769
723.3578294
723.596622
723.8353548
724.0740279
724.3126414
724.5511952
724.7896894
725.0281242
725.2664996
725.5048155
725.7430722
725.9812696
726.2194079
726.457487
726.695507
726.9334681
727.1713702
727.4092134
727.6469978
727.8847234
728.1223903
728.3599986
728.5975483
728.8350395
729.0724722
729.3098464
729.5471624
729.78442
730.0216194
730.2587607
730.4958438
730.7328689
730.969836
731.2067451
731.4435964
731.6803899
731.9171255
732.1538035
732.3904239
732.6269866
732.8634919
733.0999396
733.33633
733.5726629
733.8089386
734.0451571
734.2813183
734.5174225
734.7534696
734.9894596
735.2253927
735.4612689
735.6970883
735.9328509
736.1685568
736.404206
736.6397986
736.8753346
737.1108141
737.3462372
737.5816039
737.8169143
738.0521684
738.2873663
738.522508
738.7575936
738.9926232
739.2275967
739.4625144
739.6973761
739.932182
740.1669322
740.4016266
740.6362654
740.8708486
741.1053762
741.3398483
741.574265
741.8086263
742.0429323
742.277183
742.5113785
742.7455188
742.979604
743.2136341
743.4476093
743.6815295
743.9153948
744.1492052
744.3829609
744.6166618
744.8503081
745.0838997
745.3174368
745.5509194
745.7843475
746.0177212
746.2510405
746.4843055
746.7175163
746.9506729
747.1837754
747.4168237
747.6498181
747.8827584
748.1156448
748.3484774
748.5812561
748.813981
749.0466523
749.2792698
749.5118338
749.7443442
749.9768011
750.2092045
750.4415545
750.6738512
750.9060946
751.1382848
751.3704217
751.6025055
751.8345362
752.0665139
752.2984386
752.5303103
752.7621292
752.9938952
753.2256085
753.457269
753.6888769
753.9204321
754.1519348
754.3833849
754.6147826
754.8461278
755.0774207
755.3086612
755.5398495
755.7709856
756.0020695
756.2331013
756.464081
756.6950087
756.9258844
757.1567083
757.3874802
757.6182004
757.8488687
758.0794854
758.3100504
758.5405638
758.7710257
759.001436
759.2317948
759.4621023
759.6923584
759.9225631
760.1527166
760.3828189
760.6128701
760.8428701
761.072819
761.3027169
761.5325639
761.7623599
761.9921051
762.2217995
762.451443
762.6810359
762.9105781
763.1400697
763.3695106
763.5989011
763.8282411
764.0575306
764.2867698
764.5159587
764.7450972
764.9741855
765.2032237
765.4322117
765.6611496
765.8900374
766.1188753
766.3476632
766.5764013
766.8050894
767.0337278
767.2623164
767.4908553
767.7193446
767.9477842
768.1761743
768.4045149
768.632806
768.8610477
769.08924
769.3173829
769.5454766
769.7735211
770.0015164
770.2294625
770.4573596
770.6852076
770.9130066
771.1407567
771.3684579
771.5961102
771.8237137
772.0512684
772.2787744
772.5062318
772.7336405
772.9610007
773.1883123
773.4155755
773.6427902
773.8699565
774.0970745
774.3241442
774.5511656
774.7781389
775.0050639
775.2319409
775.4587698
775.6855507
775.9122836
776.1389685
776.3656056
776.5921949
776.8187363
777.04523
777.2716761
777.4980744
777.7244252
777.9507284
778.176984
778.4031922
778.629353
778.8554664
779.0815324
779.3075512
779.5335227
779.759447
779.9853241
780.2111542
780.4369372
780.6626731
780.8883621
781.1140041
781.3395993
781.5651476
781.7906491
782.0161039
782.2415119
782.4668733
782.6921881
782.9174563
783.142678
783.3678532
783.5929819
783.8180642
784.0431002
784.2680899
784.4930333
784.7179305
784.9427815
785.1675864
785.3923452
785.617058
785.8417247
786.0663455
786.2909204
786.5154494
786.7399326
786.96437
787.1887617
787.4131077
787.637408
787.8616627
788.0858719
788.3100355
788.5341537
788.7582264
788.9822537
789.2062357
789.4301724
789.6540638
789.8779101
790.1017111
790.325467
790.5491778
790.7728436
790.9964644
791.2200402
791.4435711
791.6670571
791.8904983
792.1138947
792.3372463
792.5605533
792.7838156
793.0070333
793.2302064
793.453335
793.6764191
793.8994587
794.122454
794.3454049
794.5683114
794.7911737
795.0139918
795.2367656
795.4594953
795.6821809
795.9048225
796.12742
796.3499735
796.5724831
796.7949488
797.0173707
797.2397487
797.462083
797.6843735
797.9066204
798.1288236
798.3509832
798.5730992
798.7951717
799.0172008
799.2391864
799.4611286
799.6830274
799.904883
800.1266952
800.3484643
800.5701902
800.7918729
801.0135125
801.235109
801.4566625
801.6781731
801.8996407
802.1210654
802.3424473
802.5637863
802.7850826
803.0063361
803.2275469
803.4487151
803.6698407
803.8909237
804.1119642
804.3329622
804.5539178
804.7748309
804.9957017
805.2165301
805.4373163
805.6580602
805.878762
806.0994216
806.320039
806.5406144
806.7611477
806.9816391
807.2020884
807.4224959
807.6428615
807.8631853
808.0834672
808.3037074
808.5239059
808.7440627
808.9641779
809.1842515
809.4042835
809.624274
809.8442231
810.0641307
810.2839969
810.5038218
810.7236054
810.9433477
811.1630487
811.3827086
811.6023273
811.8219049
812.0414414
812.2609369
812.4803914
812.699805
812.9191776
813.1385094
813.3578004
813.5770505
813.7962599
814.0154286
814.2345566
814.4536439
814.6726907
814.8916969
815.1106627
815.3295879
815.5484727
815.7673171
815.9861211
816.2048849
816.4236083
816.6422915
816.8609345
817.0795374
817.2981001
817.5166228
817.7351054
817.953548
818.1719506
818.3903134
818.6086362
818.8269192
819.0451624
819.2633658
819.4815295
819.6996535
819.9177379
820.1357826
820.3537878
820.5717534
820.7896796
821.0075663
821.2254136
821.4432215
821.6609901
821.8787193
822.0964093
822.3140601
822.5316717
822.7492442
822.9667776
823.1842719
823.4017272
823.6191435
823.8365208
824.0538592
824.2711588
824.4884195
824.7056414
824.9228246
825.1399691
825.3570749
825.574142
825.7911706
826.0081605
826.225112
826.442025
826.6588995
826.8757356
827.0925334
827.3092928
827.5260139
827.7426968
827.9593415
828.175948
828.3925163
828.6090466
828.8255387
829.0419929
829.2584091
829.4747873
829.6911276
829.9074301
830.1236947
830.3399215
830.5561106
830.7722619
830.9883756
831.2044516
831.4204901
831.6364909
831.8524543
832.0683801
832.2842685
832.5001195
832.7159331
832.9317094
833.1474484
833.3631501
833.5788146
833.7944419
834.010032
834.2255851
834.4411011
834.65658
834.872022
835.087427
835.3027951
835.5181263
835.7334207
835.9486783
836.163899
836.3790831
836.5942305
836.8093412
837.0244153
837.2394529
837.4544539
837.6694183
837.8843464
838.099238
838.3140932
838.5289121
838.7436946
838.9584409
839.1731509
839.3878248
839.6024624
839.817064
840.0316295
840.2461589
840.4606523
840.6751097
840.8895312
841.1039168
841.3182666
841.5325805
841.7468586
841.961101
842.1753077
842.3894787
842.603614
842.8177138
843.031778
843.2458067
843.4597999
843.6737577
843.88768
844.101567
844.3154186
844.529235
844.7430161
844.9567619
845.1704726
845.3841481
845.5977885
845.8113939
846.0249642
846.2384995
846.4519999
846.6654653
846.8788959
847.0922916
847.3056525
847.5189786
847.73227
847.9455267
848.1587487
848.3719361
848.5850889
848.7982072
849.011291
849.2243403
849.4373551
849.6503356
849.8632817
850.0761934
850.2890709
850.5019142
850.7147232
850.927498
851.1402387
851.3529454
851.5656179
851.7782564
851.990861
852.2034316
852.4159683
852.6284711
852.84094
853.0533752
853.2657766
853.4781443
853.6904782
853.9027786
854.1150453
854.3272784
854.539478
854.7516441
854.9637768
855.175876
855.3879418
855.5999743
855.8119734
856.0239393
856.2358719
856.4477714
856.6596376
856.8714708
857.0832708
857.2950378
857.5067718
857.7184728
857.9301408
858.141776
858.3533782
858.5649477
858.7764843
858.9879882
859.1994594
859.4108979
859.6223038
859.833677
860.0450177
860.2563258
860.4676015
860.6788447
860.8900555
861.1012339
861.3123799
861.5234937
861.7345751
861.9456244
862.1566414
862.3676263
862.5785791
862.7894998
863.0003884
863.2112451
863.4220697
863.6328624
863.8436233
864.0543522
864.2650494
864.4757148
864.6863484
864.8969503
865.1075205
865.3180591
865.5285661
865.7390416
865.9494855
866.159898
866.370279
866.5806285
866.7909468
867.0012336
867.2114892
867.4217135
867.6319066
867.8420686
868.0521993
868.262299
868.4723676
868.6824051
868.8924117
869.1023873
869.312332
869.5222458
869.7321287
869.9419809
870.1518022
870.3615929
870.5713528
870.7810821
870.9907808
871.2004488
871.4100864
871.6196934
871.8292699
872.0388161
872.2483318
872.4578172
872.6672722
872.876697
873.0860915
873.2954559
873.50479
873.714094
873.923368
874.1326119
874.3418257
874.5510096
874.7601635
874.9692876
875.1783818
875.3874461
875.5964807
875.8054855
876.0144606
876.223406
876.4323218
876.6412079
876.8500646
877.0588917
877.2676893
877.4764574
877.6851962
877.8939056
878.1025856
878.3112364
878.5198579
878.7284501
878.9370132
879.1455472
879.354052
879.5625278
879.7709746
879.9793923
880.1877811
880.396141
880.604472
880.8127742
881.0210476
881.2292922
881.4375081
881.6456953
881.8538539
882.0619839
882.2700853
882.4781581
882.6862025
882.8942184
883.1022059
883.310165
883.5180958
883.7259983
883.9338725
884.1417185
884.3495364
884.557326
884.7650876
884.9728211
885.1805266
885.3882041
885.5958536
885.8034752
886.0110689
886.2186348
886.4261729
886.6336833
886.8411659
887.0486209
887.2560482
887.4634479
887.67082
887.8781646
888.0854817
888.2927714
888.5000337
888.7072686
888.9144762
889.1216564
889.3288095
889.5359353
889.7430339
889.9501054
890.1571498
890.3641672
890.5711575
890.7781209
890.9850573
891.1919669
891.3988495
891.6057054
891.8125344
892.0193367
892.2261124
892.4328613
892.6395836
892.8462794
893.0529486
893.2595913
893.4662075
893.6727973
893.8793608
894.0858979
894.2924086
894.4988931
894.7053514
894.9117835
895.1181894
895.3245693
895.530923
895.7372508
895.9435525
896.1498283
896.3560782
896.5623023
896.7685005
896.9746729
897.1808196
897.3869405
897.5930358
897.7991055
898.0051496
898.2111681
898.4171611
898.6231287
898.8290708
899.0349876
899.240879
899.4467451
899.6525859
899.8584015
900.064192
900.2699572
900.4756974
900.6814126
900.8871027
901.0927678
901.298408
901.5040233
901.7096137
901.9151793
902.1207202
902.3262363
902.5317277
902.7371945
902.9426366
903.1480542
903.3534472
903.5588158
903.7641599
903.9694796
904.174775
904.380046
904.5852928
904.7905153
904.9957136
905.2008877
905.4060377
905.6111637
905.8162656
906.0213435
906.2263975
906.4314276
906.6364338
906.8414162
907.0463748
907.2513096
907.4562208
907.6611083
907.8659722
908.0708125
908.2756293
908.4804226
908.6851924
908.8899389
909.094662
909.2993617
909.5040382
909.7086915
909.9133215
910.1179284
910.3225122
910.5270729
910.7316106
910.9361254
911.1406172
911.3450861
911.5495321
911.7539553
911.9583558
912.1627335
912.3670886
912.571421
912.7757308
912.9800181
913.1842829
913.3885252
913.592745
913.7969425
914.0011177
914.2052706
914.4094012
914.6135096
914.8175958
915.02166
915.225702
915.429722
915.6337201
915.8376962
916.0416504
916.2455827
916.4494932
916.653382
916.857249
917.0610943
917.2649181
917.4687202
917.6725007
917.8762598
918.0799974
918.2837136
918.4874084
918.6910819
918.8947341
